1.001117944717407227e+00 -2.983734011650085449e-04 -4.531511962413787842e-01 8.746486902236938477e-02 -5.479667186737060547e-01 -8.716649562120437622e-02
1.000676274299621582e+00 -2.271458506584167480e-04 -4.531489610671997070e-01 8.550523221492767334e-02 -5.475273132324218750e-01 -8.527808636426925659e-02
1.000453352928161621e+00 -1.691952347755432129e-04 -4.535234868526458740e-01 8.340372145175933838e-02 -5.469298362731933594e-01 -8.323452621698379517e-02
1.000048279762268066e+00 3.964453935623168945e-05 -4.539510011672973633e-01 8.103418350219726562e-02 -5.460972785949707031e-01 -8.107382804155349731e-02
9.996594786643981934e-01 4.491135478019714355e-04 -4.572894871234893799e-01 7.518061995506286621e-02 -5.423699617385864258e-01 -7.562973350286483765e-02
9.994919896125793457e-01 8.685514330863952637e-04 -4.610711336135864258e-01 6.904378533363342285e-02 -5.384208559989929199e-01 -6.991233676671981812e-02
9.997189640998840332e-01 1.345776021480560303e-03 -4.648097157478332520e-01 6.334623694419860840e-02 -5.349092483520507812e-01 -6.469201296567916870e-02
1.001408100128173828e+00 1.562245190143585205e-03 -4.730618596076965332e-01 5.393585190176963806e-02 -5.283462405204772949e-01 -5.549809709191322327e-02
1.000198364257812500e+00 1.101419329643249512e-04 -4.804428815841674805e-01 3.545181080698966980e-02 -5.197554826736450195e-01 -3.556195273995399475e-02
9.998094439506530762e-01 4.555359482765197754e-04 -4.889096021652221680e-01 1.466761529445648193e-02 -5.108998417854309082e-01 -1.512315124273300171e-02
9.891491532325744629e-01 -3.964461386203765869e-03 -4.962270259857177734e-01 2.253215759992599487e-02 -4.929221272468566895e-01 -1.856769621372222900e-02
9.878312945365905762e-01 -5.393289029598236084e-03 -4.874272346496582031e-01 3.947377577424049377e-02 -5.004040598869323730e-01 -3.408048674464225769e-02
9.877681136131286621e-01 -4.644550383090972900e-03 -4.814253449440002441e-01 4.827968403697013855e-02 -5.063427686691284180e-01 -4.363513365387916565e-02
9.882392287254333496e-01 -3.416128456592559814e-03 -4.739878475666046143e-01 5.673062801361083984e-02 -5.142513513565063477e-01 -5.331449955701828003e-02
9.870530962944030762e-01 -2.668119966983795166e-03 -4.667674899101257324e-01 6.588163226842880249e-02 -5.202856063842773438e-01 -6.321351230144500732e-02
9.858244061470031738e-01 -2.193592488765716553e-03 -4.628205299377441406e-01 7.346761971712112427e-02 -5.230038762092590332e-01 -7.127402722835540771e-02
9.844689369201660156e-01 -2.279542386531829834e-03 -4.579778909683227539e-01 7.817483693361282349e-02 -5.264910459518432617e-01 -7.589529454708099365e-02
9.825137853622436523e-01 -2.324290573596954346e-03 -4.542500972747802734e-01 8.186639100313186646e-02 -5.282636880874633789e-01 -7.954210042953491211e-02
9.804915785789489746e-01 -2.333797514438629150e-03 -4.518312513828277588e-01 8.203315734863281250e-02 -5.286602973937988281e-01 -7.969935983419418335e-02
9.793913960456848145e-01 -2.355717122554779053e-03 -4.500086903572082520e-01 8.161662518978118896e-02 -5.293827056884765625e-01 -7.926090806722640991e-02
9.781161546707153320e-01 -2.278186380863189697e-03 -4.481904506683349609e-01 8.191387355327606201e-02 -5.299257040023803711e-01 -7.963568717241287231e-02
9.763132333755493164e-01 -1.982279121875762939e-03 -4.461435973644256592e-01 8.399226516485214233e-02 -5.301696062088012695e-01 -8.200998604297637939e-02
9.748483300209045410e-01 -1.858435571193695068e-03 -4.441846609115600586e-01 8.512260019779205322e-02 -5.306636691093444824e-01 -8.326416462659835815e-02
9.739943146705627441e-01 -1.536183059215545654e-03 -4.416771531105041504e-01 8.430606126785278320e-02 -5.323171615600585938e-01 -8.276987820863723755e-02
9.721651673316955566e-01 -1.274146139621734619e-03 -4.386194348335266113e-01 8.443334698677062988e-02 -5.335457324981689453e-01 -8.315920084714889526e-02
9.703887104988098145e-01 -9.997412562370300293e-04 -4.358301162719726562e-01 8.415341377258300781e-02 -5.345585942268371582e-01 -8.315367251634597778e-02
9.684302210807800293e-01 -7.000789046287536621e-04 -4.332020282745361328e-01 8.281176537275314331e-02 -5.352281928062438965e-01 -8.211168646812438965e-02
9.661453962326049805e-01 -4.840567708015441895e-04 -4.300742447376251221e-01 8.131549507379531860e-02 -5.360711812973022461e-01 -8.083143830299377441e-02
9.637331366539001465e-01 -1.553528010845184326e-03 -4.266640245914459229e-01 7.935492694377899170e-02 -5.370690822601318359e-01 -7.780139893293380737e-02
9.617103934288024902e-01 -3.263540565967559814e-03 -4.238111972808837891e-01 7.722503691911697388e-02 -5.378991961479187012e-01 -7.396149635314941406e-02
9.594328999519348145e-01 -7.488057017326354980e-04 -4.212336540222167969e-01 7.432253658771514893e-02 -5.381992459297180176e-01 -7.357373088598251343e-02
9.560006856918334961e-01 -1.005597412586212158e-03 -4.187490344047546387e-01 7.289686799049377441e-02 -5.372516512870788574e-01 -7.189127057790756226e-02
9.536770582199096680e-01 -1.609854400157928467e-03 -4.176426529884338379e-01 7.117187976837158203e-02 -5.360344052314758301e-01 -6.956202536821365356e-02
9.514512419700622559e-01 -2.200864255428314209e-03 -4.172399342060089111e-01 6.997656822204589844e-02 -5.342112779617309570e-01 -6.777570396661758423e-02
9.488813281059265137e-01 -1.812301576137542725e-03 -4.187335073947906494e-01 6.506155431270599365e-02 -5.301477909088134766e-01 -6.324925273656845093e-02
9.473100304603576660e-01 -3.259606659412384033e-03 -4.230151772499084473e-01 5.443584918975830078e-02 -5.242948532104492188e-01 -5.117624253034591675e-02
9.455457329750061035e-01 -5.055926740169525146e-03 -4.257641434669494629e-01 4.052500799298286438e-02 -5.197815895080566406e-01 -3.546908125281333923e-02
9.410897493362426758e-01 -5.247972905635833740e-03 -4.341996610164642334e-01 3.093282505869865417e-02 -5.068900585174560547e-01 -2.568485215306282043e-02
9.356666207313537598e-01 -3.838725388050079346e-03 -4.407857358455657959e-01 3.352945670485496521e-02 -4.948808848857879639e-01 -2.969073131680488586e-02
9.412143230438232422e-01 -3.919787704944610596e-03 -4.359187185764312744e-01 4.330207780003547668e-02 -5.052956342697143555e-01 -3.938229009509086609e-02
9.394604563713073730e-01 -5.358047783374786377e-03 -4.205267429351806641e-01 5.289041623473167419e-02 -5.189337134361267090e-01 -4.753236845135688782e-02
9.353428483009338379e-01 -4.161410033702850342e-03 -4.044281244277954102e-01 6.523975729942321777e-02 -5.309147238731384277e-01 -6.107834726572036743e-02
9.303124547004699707e-01 -3.972001373767852783e-03 -3.910778760910034180e-01 7.538291811943054199e-02 -5.392345786094665527e-01 -7.141091674566268921e-02
9.252461791038513184e-01 -3.715656697750091553e-03 -3.849867284297943115e-01 8.586828410625457764e-02 -5.402594804763793945e-01 -8.215262740850448608e-02
9.193819761276245117e-01 -3.251768648624420166e-03 -3.790709674358367920e-01 9.493686258792877197e-02 -5.403109788894653320e-01 -9.168509393930435181e-02
9.128249287605285645e-01 -3.054745495319366455e-03 -3.732685446739196777e-01 1.030822843313217163e-01 -5.395563840866088867e-01 -1.000275388360023499e-01
9.059593081474304199e-01 -2.711735665798187256e-03 -3.679369091987609863e-01 1.130938231945037842e-01 -5.380223989486694336e-01 -1.103820875287055969e-01
8.985281586647033691e-01 -3.170080482959747314e-03 -3.606966435909271240e-01 1.235586553812026978e-01 -5.378315448760986328e-01 -1.203885748982429504e-01
8.939802050590515137e-01 -5.287133157253265381e-03 -3.569281101226806641e-01 1.292608380317687988e-01 -5.370520949363708496e-01 -1.239737048745155334e-01
8.891863822937011719e-01 -8.685208857059478760e-03 -3.506104946136474609e-01 1.337779909372329712e-01 -5.385758876800537109e-01 -1.250927746295928955e-01
8.820896148681640625e-01 -1.349041610956192017e-02 -3.435007035732269287e-01 1.401077359914779663e-01 -5.385888814926147461e-01 -1.266173124313354492e-01
8.702005743980407715e-01 -1.780249923467636108e-02 -3.345642685890197754e-01 1.473062485456466675e-01 -5.356363058090209961e-01 -1.295037567615509033e-01
8.591692447662353516e-01 -1.839864999055862427e-02 -3.283852040767669678e-01 1.518772542476654053e-01 -5.307840108871459961e-01 -1.334786117076873779e-01
8.507986664772033691e-01 -1.844992488622665405e-02 -3.244785964488983154e-01 1.546820700168609619e-01 -5.263200998306274414e-01 -1.362321376800537109e-01
8.449000716209411621e-01 -1.868637651205062866e-02 -3.225602209568023682e-01 1.594581305980682373e-01 -5.223398208618164062e-01 -1.407717466354370117e-01
8.419065475463867188e-01 -1.959254592657089233e-02 -3.221180737018585205e-01 1.652789413928985596e-01 -5.197885036468505859e-01 -1.456863880157470703e-01
8.390406966209411621e-01 -2.050805836915969849e-02 -3.214123845100402832e-01 1.704508364200592041e-01 -5.176283121109008789e-01 -1.499427855014801025e-01
8.352878689765930176e-01 -2.119565755128860474e-02 -3.213686943054199219e-01 1.768884658813476562e-01 -5.139191746711730957e-01 -1.556928157806396484e-01
8.314537405967712402e-01 -2.109826356172561646e-02 -3.205588459968566895e-01 1.803112328052520752e-01 -5.108948945999145508e-01 -1.592129766941070557e-01
8.262291550636291504e-01 -2.041778713464736938e-02 -3.181777894496917725e-01 1.810731291770935059e-01 -5.080513954162597656e-01 -1.606553494930267334e-01
8.175924420356750488e-01 -1.939625293016433716e-02 -3.140180408954620361e-01 1.776540428400039673e-01 -5.035743713378906250e-01 -1.582577824592590332e-01
8.087713718414306641e-01 -1.819174736738204956e-02 -3.091883957386016846e-01 1.697666049003601074e-01 -4.995829761028289795e-01 -1.515748500823974609e-01
8.023976683616638184e-01 -1.779473572969436646e-02 -3.070683479309082031e-01 1.624497026205062866e-01 -4.953293204307556152e-01 -1.446549594402313232e-01
7.982031702995300293e-01 -1.765685528516769409e-02 -3.063362836837768555e-01 1.560357511043548584e-01 -4.918668866157531738e-01 -1.383788883686065674e-01
7.941663861274719238e-01 -1.784495264291763306e-02 -3.044136464595794678e-01 1.509865522384643555e-01 -4.897527396678924561e-01 -1.331416070461273193e-01
7.875102162361145020e-01 -1.803980022668838501e-02 -2.920931875705718994e-01 1.494052559137344360e-01 -4.954170286655426025e-01 -1.313654482364654541e-01
7.818372249603271484e-01 -1.989229768514633179e-02 -2.767415642738342285e-01 1.481279283761978149e-01 -5.050956606864929199e-01 -1.282356381416320801e-01
7.701310515403747559e-01 -2.134635299444198608e-02 -2.556618452072143555e-01 1.481319963932037354e-01 -5.144692063331604004e-01 -1.267856359481811523e-01
7.544259428977966309e-01 -2.271508425474166870e-02 -2.337548136711120605e-01 1.462081968784332275e-01 -5.206711292266845703e-01 -1.234931126236915588e-01
7.394061684608459473e-01 -2.238788455724716187e-02 -2.156276553869247437e-01 1.424145102500915527e-01 -5.237784981727600098e-01 -1.200266256928443909e-01
7.297081351280212402e-01 -2.238068729639053345e-02 -2.042324244976043701e-01 1.387583911418914795e-01 -5.254757404327392578e-01 -1.163777038455009460e-01
7.174004912376403809e-01 -2.209871262311935425e-02 -1.928672492504119873e-01 1.350420862436294556e-01 -5.245332717895507812e-01 -1.129433736205101013e-01
7.034162282943725586e-01 -1.991698890924453735e-02 -1.869590431451797485e-01 1.300069540739059448e-01 -5.164572000503540039e-01 -1.100899651646614075e-01
6.900873780250549316e-01 -1.902074366807937622e-02 -1.837908625602722168e-01 1.242971420288085938e-01 -5.062965154647827148e-01 -1.052763983607292175e-01
6.752433180809020996e-01 -1.764372736215591431e-02 -1.817217469215393066e-01 1.213260442018508911e-01 -4.935215711593627930e-01 -1.036823168396949768e-01
6.656032204627990723e-01 -1.666604727506637573e-02 -1.839995682239532471e-01 1.216436326503753662e-01 -4.816036522388458252e-01 -1.049775853753089905e-01
6.594345569610595703e-01 -1.617535203695297241e-02 -1.887964904308319092e-01 1.219797581434249878e-01 -4.706380665302276611e-01 -1.058044061064720154e-01
6.533721089363098145e-01 -1.524462550878524780e-02 -1.933866292238235474e-01 1.213394403457641602e-01 -4.599854946136474609e-01 -1.060948148369789124e-01
6.502567529678344727e-01 -1.148898154497146606e-02 -2.014150768518447876e-01 1.114693731069564819e-01 -4.488416910171508789e-01 -9.998039156198501587e-02
6.440059542655944824e-01 -1.304075866937637329e-02 -2.134565860033035278e-01 8.919979631900787354e-02 -4.305493831634521484e-01 -7.615903764963150024e-02
6.388790011405944824e-01 -1.583793014287948608e-02 -2.129866778850555420e-01 1.022427380084991455e-01 -4.258923232555389404e-01 -8.640480786561965942e-02
6.298527121543884277e-01 -1.582805067300796509e-02 -2.103904634714126587e-01 1.116183102130889893e-01 -4.194622635841369629e-01 -9.579025954008102417e-02
6.175140738487243652e-01 -1.493500918149948120e-02 -2.064372599124908447e-01 1.174624562263488770e-01 -4.110768139362335205e-01 -1.025274470448493958e-01
6.050348281860351562e-01 -1.629922538995742798e-02 -2.035842835903167725e-01 1.249090582132339478e-01 -4.014505445957183838e-01 -1.086098328232765198e-01
5.930285453796386719e-01 -1.884236186742782593e-02 -2.008571326732635498e-01 1.346712708473205566e-01 -3.921714127063751221e-01 -1.158289089798927307e-01
5.825070738792419434e-01 -2.104077488183975220e-02 -1.991476863622665405e-01 1.417452841997146606e-01 -3.833593726158142090e-01 -1.207045093178749084e-01
5.720986723899841309e-01 -2.298968285322189331e-02 -1.989692598581314087e-01 1.470425426959991455e-01 -3.731294274330139160e-01 -1.240528598427772522e-01
5.614449977874755859e-01 -2.367968112230300903e-02 -2.016131281852722168e-01 1.504506319761276245e-01 -3.598318696022033691e-01 -1.267709434032440186e-01
5.528900623321533203e-01 -2.334087342023849487e-02 -2.056816965341567993e-01 1.576568484306335449e-01 -3.472083806991577148e-01 -1.343159675598144531e-01
5.444753170013427734e-01 -2.222222834825515747e-02 -2.113664001226425171e-01 1.619634330272674561e-01 -3.331089019775390625e-01 -1.397412121295928955e-01
5.349087119102478027e-01 -1.996926218271255493e-02 -2.187583595514297485e-01 1.657778918743133545e-01 -3.161503672599792480e-01 -1.458086371421813965e-01
5.256452560424804688e-01 -1.815427094697952271e-02 -2.237429320812225342e-01 1.682986021041870117e-01 -3.019023239612579346e-01 -1.501443386077880859e-01
5.151920914649963379e-01 -1.688633114099502563e-02 -2.274806797504425049e-01 1.676391363143920898e-01 -2.877114117145538330e-01 -1.507528126239776611e-01
4.999907314777374268e-01 -1.079022139310836792e-02 -2.303573787212371826e-01 1.605689823627471924e-01 -2.696333527565002441e-01 -1.497787535190582275e-01
4.897446930408477783e-01 -4.235558211803436279e-03 -2.320828437805175781e-01 1.534446030855178833e-01 -2.576618492603302002e-01 -1.492090523242950439e-01
4.784826934337615967e-01 2.419374883174896240e-03 -2.351379096508026123e-01 1.511058509349822998e-01 -2.433447837829589844e-01 -1.535252332687377930e-01
4.655434191226959229e-01 8.570037782192230225e-03 -2.370496988296508789e-01 1.489479839801788330e-01 -2.284937202930450439e-01 -1.575180292129516602e-01
4.510314166545867920e-01 1.264540106058120728e-02 -2.356532216072082520e-01 1.472144275903701782e-01 -2.153781950473785400e-01 -1.598598361015319824e-01
4.341282248497009277e-01 1.729137450456619263e-02 -2.327720969915390015e-01 1.447104662656784058e-01 -2.013561278581619263e-01 -1.620018482208251953e-01
4.216828346252441406e-01 2.668029814958572388e-02 -2.286992967128753662e-01 1.486970931291580200e-01 -1.929835379123687744e-01 -1.753773987293243408e-01
4.217407107353210449e-01 2.593331784009933472e-02 -2.270115762948989868e-01 1.605691611766815186e-01 -1.947291344404220581e-01 -1.865024864673614502e-01
4.208902418613433838e-01 3.668325394392013550e-02 -2.234586775302886963e-01 1.644552201032638550e-01 -1.974315643310546875e-01 -2.011384665966033936e-01
4.199016392230987549e-01 4.269965738058090210e-02 -2.226299345493316650e-01 1.669945865869522095e-01 -1.972717046737670898e-01 -2.096942365169525146e-01
4.221637248992919922e-01 4.404928535223007202e-02 -2.250431180000305176e-01 1.676693856716156006e-01 -1.971206068992614746e-01 -2.117186784744262695e-01
4.211039841175079346e-01 4.997263103723526001e-02 -2.238894402980804443e-01 1.684769839048385620e-01 -1.972145438194274902e-01 -2.184496223926544189e-01
4.176054298877716064e-01 5.909704416990280151e-02 -2.214420586824417114e-01 1.689118146896362305e-01 -1.961633712053298950e-01 -2.280088663101196289e-01
4.129584431648254395e-01 6.495016068220138550e-02 -2.195530235767364502e-01 1.695931106805801392e-01 -1.934054195880889893e-01 -2.345432639122009277e-01
4.088673591613769531e-01 6.699962168931961060e-02 -2.181249558925628662e-01 1.699905693531036377e-01 -1.907424032688140869e-01 -2.369901835918426514e-01
4.078020453453063965e-01 6.948433071374893188e-02 -2.171403467655181885e-01 1.708459407091140747e-01 -1.906616985797882080e-01 -2.403302788734436035e-01
4.088870286941528320e-01 7.171187549829483032e-02 -2.166538387537002563e-01 1.717839688062667847e-01 -1.922331899404525757e-01 -2.434958517551422119e-01
4.099715054035186768e-01 7.393891364336013794e-02 -2.161670923233032227e-01 1.727216094732284546e-01 -1.938044130802154541e-01 -2.466605305671691895e-01
4.113739430904388428e-01 7.592400163412094116e-02 -2.161021232604980469e-01 1.735106557607650757e-01 -1.952718198299407959e-01 -2.494346499443054199e-01
4.114056527614593506e-01 7.728245109319686890e-02 -2.137446254491806030e-01 1.732808202505111694e-01 -1.976610273122787476e-01 -2.505632638931274414e-01
4.107906222343444824e-01 7.680075615644454956e-02 -2.109099030494689941e-01 1.735955178737640381e-01 -1.998807191848754883e-01 -2.503962814807891846e-01
4.095147252082824707e-01 7.495810836553573608e-02 -2.073906809091567993e-01 1.739199012517929077e-01 -2.021240442991256714e-01 -2.488780021667480469e-01
4.054538309574127197e-01 7.591018825769424438e-02 -2.020937055349349976e-01 1.713553369045257568e-01 -2.033601254224777222e-01 -2.472655177116394043e-01
4.011990129947662354e-01 7.627954334020614624e-02 -1.973274201154708862e-01 1.695795357227325439e-01 -2.038715928792953491e-01 -2.458590865135192871e-01
3.964793682098388672e-01 7.668153196573257446e-02 -1.940956413745880127e-01 1.685465723276138306e-01 -2.023837268352508545e-01 -2.452281117439270020e-01
3.914984762668609619e-01 7.727252691984176636e-02 -1.909495592117309570e-01 1.675645411014556885e-01 -2.005489170551300049e-01 -2.448370754718780518e-01
3.870115578174591064e-01 7.846363633871078491e-02 -1.877439022064208984e-01 1.664154976606369019e-01 -1.992676556110382080e-01 -2.448791265487670898e-01
3.814069330692291260e-01 7.905536144971847534e-02 -1.836133748292922974e-01 1.652488708496093750e-01 -1.977935582399368286e-01 -2.443042397499084473e-01
3.747313916683197021e-01 7.917479425668716431e-02 -1.791637837886810303e-01 1.645411401987075806e-01 -1.955676078796386719e-01 -2.437159419059753418e-01
3.672924041748046875e-01 8.042039722204208374e-02 -1.747688949108123779e-01 1.644035726785659790e-01 -1.925235092639923096e-01 -2.448239624500274658e-01
3.643892705440521240e-01 7.494436949491500854e-02 -1.737735420465469360e-01 1.647412776947021484e-01 -1.906157284975051880e-01 -2.396856546401977539e-01
3.653134107589721680e-01 6.733917444944381714e-02 -1.753084361553192139e-01 1.648972928524017334e-01 -1.900049746036529541e-01 -2.322364747524261475e-01
3.661335706710815430e-01 5.988394469022750854e-02 -1.767081022262573242e-01 1.648665219545364380e-01 -1.894254684448242188e-01 -2.247504591941833496e-01
3.668362796306610107e-01 5.300077050924301147e-02 -1.779682487249374390e-01 1.645940989255905151e-01 -1.888680309057235718e-01 -2.175948619842529297e-01
3.698199391365051270e-01 4.477364569902420044e-02 -1.803668737411499023e-01 1.659194529056549072e-01 -1.894530653953552246e-01 -2.106930911540985107e-01
3.736331760883331299e-01 3.633923083543777466e-02 -1.831340938806533813e-01 1.677201837301254272e-01 -1.904990822076797485e-01 -2.040594220161437988e-01
3.782678842544555664e-01 2.878018468618392944e-02 -1.855242699384689331e-01 1.680372357368469238e-01 -1.927436143159866333e-01 -1.968174278736114502e-01
3.827234804630279541e-01 2.210798114538192749e-02 -1.864678859710693359e-01 1.677791327238082886e-01 -1.962555944919586182e-01 -1.898871064186096191e-01
3.874926567077636719e-01 1.563329249620437622e-02 -1.869856417179107666e-01 1.678112298250198364e-01 -2.005070149898529053e-01 -1.834445297718048096e-01
3.852507472038269043e-01 1.464066654443740845e-02 -1.843704283237457275e-01 1.623450666666030884e-01 -2.008803188800811768e-01 -1.769857406616210938e-01
3.829440176486968994e-01 1.483734697103500366e-02 -1.785336285829544067e-01 1.555083692073822021e-01 -2.044103890657424927e-01 -1.703457236289978027e-01
3.841694891452789307e-01 1.548180729150772095e-02 -1.745512187480926514e-01 1.500505059957504272e-01 -2.096182703971862793e-01 -1.655323207378387451e-01
4.732679724693298340e-01 1.726678758859634399e-02 -2.631675601005554199e-01 1.875922232866287231e-01 -2.101004123687744141e-01 -2.048590183258056641e-01
5.643428564071655273e-01 -4.128693789243698120e-02 -3.020577430725097656e-01 2.855122983455657959e-01 -2.622851133346557617e-01 -2.442253530025482178e-01
5.398792028427124023e-01 -6.964207440614700317e-02 -2.276124358177185059e-01 3.723080754280090332e-01 -3.122667670249938965e-01 -3.026660084724426270e-01
5.259495377540588379e-01 -9.506798535585403442e-02 -1.907184571027755737e-01 3.981702923774719238e-01 -3.352310657501220703e-01 -3.031023144721984863e-01
5.156153440475463867e-01 -1.095935478806495667e-01 -1.692825257778167725e-01 4.054392278194427490e-01 -3.463328182697296143e-01 -2.958456873893737793e-01
5.044295787811279297e-01 -1.355783641338348389e-01 -1.496490091085433960e-01 4.147794842720031738e-01 -3.547805547714233398e-01 -2.792011201381683350e-01
4.685666561126708984e-01 -1.627653539180755615e-01 -5.941456183791160583e-02 4.362416863441467285e-01 -4.091520905494689941e-01 -2.734763324260711670e-01
4.383246600627899170e-01 -1.861801445484161377e-01 2.475574985146522522e-02 4.510692954063415527e-01 -4.630804061889648438e-01 -2.648891508579254150e-01
4.331586062908172607e-01 -1.943628191947937012e-01 6.757930666208267212e-02 4.441152811050415039e-01 -5.007379055023193359e-01 -2.497524619102478027e-01
4.051387906074523926e-01 -1.476157605648040771e-01 9.300282597541809082e-02 4.166791141033172607e-01 -4.981416165828704834e-01 -2.690633535385131836e-01
4.086087942123413086e-01 -9.823448210954666138e-02 1.043081805109977722e-01 3.907129168510437012e-01 -5.129169821739196777e-01 -2.924784421920776367e-01
3.810441195964813232e-01 -5.862129479646682739e-02 1.150926947593688965e-01 3.659781217575073242e-01 -4.961368143558502197e-01 -3.073568344116210938e-01
3.136678338050842285e-01 -5.966327339410781860e-02 9.488224238157272339e-02 3.618410825729370117e-01 -4.085500836372375488e-01 -3.021778166294097900e-01
2.552241086959838867e-01 -4.943684488534927368e-02 5.825644731521606445e-02 3.816774487495422363e-01 -3.134805560111999512e-01 -3.322406113147735596e-01
2.121300697326660156e-01 -7.827638089656829834e-02 2.098064124584197998e-02 3.795747160911560059e-01 -2.331107109785079956e-01 -3.012983202934265137e-01
1.872410178184509277e-01 -4.807055741548538208e-02 2.326595038175582886e-02 3.941625356674194336e-01 -2.105069756507873535e-01 -3.460919857025146484e-01
1.709688007831573486e-01 8.944533765316009521e-03 2.426198869943618774e-02 3.728769123554229736e-01 -1.952307820320129395e-01 -3.818214535713195801e-01
1.627228260040283203e-01 7.412960380315780640e-02 1.109637971967458725e-02 3.286419808864593506e-01 -1.738191992044448853e-01 -4.027715921401977539e-01
1.392484605312347412e-01 1.272960603237152100e-01 5.519137717783451080e-03 2.856537699699401855e-01 -1.447675973176956177e-01 -4.129498302936553955e-01
1.156346797943115234e-01 1.773914992809295654e-01 -1.461445353925228119e-03 2.447105795145034790e-01 -1.141732335090637207e-01 -4.221020936965942383e-01
8.766213059425354004e-02 2.386914491653442383e-01 -2.354581654071807861e-02 1.974964737892150879e-01 -6.411631405353546143e-02 -4.361879229545593262e-01
7.180434465408325195e-02 3.084362745285034180e-01 -5.657505989074707031e-02 1.476142257452011108e-01 -1.522928476333618164e-02 -4.560505151748657227e-01
5.881959199905395508e-02 3.755335509777069092e-01 -8.301151543855667114e-02 9.333212673664093018e-02 2.419192343950271606e-02 -4.688656926155090332e-01
4.641877114772796631e-02 4.176107347011566162e-01 -1.079214811325073242e-01 5.829636380076408386e-02 6.150270998477935791e-02 -4.759070873260498047e-01
3.460791707038879395e-02 4.618664681911468506e-01 -1.328034847974777222e-01 2.565106377005577087e-02 9.819556772708892822e-02 -4.875175356864929199e-01
-2.563253045082092285e-03 4.915387034416198730e-01 -1.367473155260086060e-01 2.675648778676986694e-03 1.393105685710906982e-01 -4.942143559455871582e-01
-4.747098684310913086e-02 5.044370889663696289e-01 -1.436376124620437622e-01 -1.091631129384040833e-02 1.911085993051528931e-01 -4.935207664966583252e-01
-1.058192402124404907e-01 5.367192625999450684e-01 -1.765252202749252319e-01 -3.891311958432197571e-02 2.823444604873657227e-01 -4.978061318397521973e-01
-1.657129526138305664e-01 5.692185163497924805e-01 -2.396703958511352539e-01 -9.211160242557525635e-02 4.053833484649658203e-01 -4.771069288253784180e-01
-2.254212498664855957e-01 5.642248392105102539e-01 -3.027998805046081543e-01 -1.448991447687149048e-01 5.282211303710937500e-01 -4.193257093429565430e-01
-2.901051342487335205e-01 5.641565918922424316e-01 -2.387551069259643555e-01 -9.768198430538177490e-02 5.288602113723754883e-01 -4.664745926856994629e-01
-3.512891530990600586e-01 5.584298372268676758e-01 -2.057518959045410156e-01 -9.092588722705841064e-02 5.570410490036010742e-01 -4.675039649009704590e-01
-4.139028191566467285e-01 5.532925724983215332e-01 -1.853972375392913818e-01 -9.792226552963256836e-02 5.993000268936157227e-01 -4.553703069686889648e-01
-4.585446715354919434e-01 5.426102280616760254e-01 -1.612470448017120361e-01 -1.006356179714202881e-01 6.197917461395263672e-01 -4.419746100902557373e-01
-4.879438281059265137e-01 5.313590764999389648e-01 -1.508634388446807861e-01 -1.052640676498413086e-01 6.388072967529296875e-01 -4.260950088500976562e-01
-5.159642100334167480e-01 5.197340250015258789e-01 -1.455540359020233154e-01 -1.140342354774475098e-01 6.615182161331176758e-01 -4.056997895240783691e-01
-5.758141875267028809e-01 4.281575083732604980e-01 -9.185299277305603027e-02 -7.796850800514221191e-02 6.676671504974365234e-01 -3.501890003681182861e-01
-6.298273801803588867e-01 3.970466256141662598e-01 -6.774646043777465820e-02 -8.602869510650634766e-02 6.975738406181335449e-01 -3.110179305076599121e-01
-6.746786236763000488e-01 3.781809806823730469e-01 -3.819188475608825684e-02 -9.332165122032165527e-02 7.128704786300659180e-01 -2.848593294620513916e-01
-7.007432579994201660e-01 4.401284158229827881e-01 7.726072333753108978e-03 -9.144181013107299805e-02 6.930171847343444824e-01 -3.486866056919097900e-01
-7.253287434577941895e-01 5.052462220191955566e-01 5.175656080245971680e-02 -8.864888548851013184e-02 6.735721826553344727e-01 -4.165973365306854248e-01
-7.550043463706970215e-01 5.312470793724060059e-01 8.928608894348144531e-02 -8.314841985702514648e-02 6.657182574272155762e-01 -4.480986595153808594e-01
-7.871568202972412109e-01 5.392866730690002441e-01 1.263355910778045654e-01 -7.475861907005310059e-02 6.608211994171142578e-01 -4.645280539989471436e-01
-8.273093104362487793e-01 5.388206243515014648e-01 1.732744872570037842e-01 -7.142934203147888184e-02 6.540348529815673828e-01 -4.673912823200225830e-01
-8.652595877647399902e-01 5.199484825134277344e-01 1.897861659526824951e-01 -7.926109433174133301e-02 6.754734516143798828e-01 -4.406873881816864014e-01
-8.931022286415100098e-01 5.091911554336547852e-01 1.998553276062011719e-01 -8.781507611274719238e-02 6.932469010353088379e-01 -4.213760793209075928e-01
-9.101338982582092285e-01 5.044815540313720703e-01 2.064492702484130859e-01 -9.619209170341491699e-02 7.036846280097961426e-01 -4.082894623279571533e-01
-9.271696209907531738e-01 4.997676014900207520e-01 2.130455076694488525e-01 -1.045661270618438721e-01 7.141240835189819336e-01 -3.952014744281768799e-01
-9.455717206001281738e-01 4.944339990615844727e-01 2.198570668697357178e-01 -1.139518916606903076e-01 7.257146835327148438e-01 -3.804821074008941650e-01
-9.631517529487609863e-01 4.891250729560852051e-01 2.254423201084136963e-01 -1.243558824062347412e-01 7.377094030380249023e-01 -3.647691905498504639e-01
-9.770850539207458496e-01 4.808828830718994141e-01 2.343794703483581543e-01 -1.291055977344512939e-01 7.427055835723876953e-01 -3.517772853374481201e-01
-9.901304841041564941e-01 4.722231626510620117e-01 2.440018057823181152e-01 -1.327120959758758545e-01 7.461286783218383789e-01 -3.395110666751861572e-01
-1.003205060958862305e+00 4.636939167976379395e-01 2.536124587059020996e-01 -1.365112960338592529e-01 7.495926022529602051e-01 -3.271826207637786865e-01
-1.016008138656616211e+00 4.551285505294799805e-01 2.630671262741088867e-01 -1.403147280216217041e-01 7.529410123825073242e-01 -3.148138225078582764e-01
-1.028004169464111328e+00 4.460448026657104492e-01 2.721481323242187500e-01 -1.434793174266815186e-01 7.558560371398925781e-01 -3.025654852390289307e-01
-1.042509078979492188e+00 4.417514204978942871e-01 2.795489430427551270e-01 -1.528765261173248291e-01 7.629601359367370605e-01 -2.888748943805694580e-01
-1.062783718109130859e+00 4.476243853569030762e-01 2.837503552436828613e-01 -1.754122674465179443e-01 7.790333628654479980e-01 -2.722121179103851318e-01
-1.079742670059204102e+00 4.508741497993469238e-01 2.883797883987426758e-01 -1.915769875049591064e-01 7.913628816604614258e-01 -2.592971622943878174e-01
-1.097282409667968750e+00 4.522550702095031738e-01 2.946197390556335449e-01 -2.062431275844573975e-01 8.026626706123352051e-01 -2.460119426250457764e-01
-1.115475177764892578e+00 4.532015919685363770e-01 3.020468354225158691e-01 -2.200315892696380615e-01 8.134283423423767090e-01 -2.331700026988983154e-01
-1.136980056762695312e+00 4.543898701667785645e-01 3.120763897895812988e-01 -2.331663668155670166e-01 8.249036669731140137e-01 -2.212235033512115479e-01
-1.160144805908203125e+00 4.532067179679870605e-01 3.220152854919433594e-01 -2.429406344890594482e-01 8.381295204162597656e-01 -2.102660834789276123e-01
-1.182370185852050781e+00 4.518291354179382324e-01 3.321542739868164062e-01 -2.505267560482025146e-01 8.502159118652343750e-01 -2.013023793697357178e-01
-1.204175233840942383e+00 4.502826333045959473e-01 3.423097729682922363e-01 -2.575763761997222900e-01 8.618654608726501465e-01 -1.927062571048736572e-01
-1.226552963256835938e+00 4.486824870109558105e-01 3.526537418365478516e-01 -2.650450766086578369e-01 8.738992214202880859e-01 -1.836374104022979736e-01
-1.249469518661499023e+00 4.469453692436218262e-01 3.631675243377685547e-01 -2.729860246181488037e-01 8.863019943237304688e-01 -1.739593446254730225e-01
-1.272511005401611328e+00 4.453954100608825684e-01 3.737379312515258789e-01 -2.807423770427703857e-01 8.987730741500854492e-01 -1.646530330181121826e-01
-1.294925212860107422e+00 4.490500092506408691e-01 3.846071362495422363e-01 -2.854959666728973389e-01 9.103180766105651855e-01 -1.635540425777435303e-01
-1.312621355056762695e+00 4.504653811454772949e-01 3.944172859191894531e-01 -2.871241867542266846e-01 9.182040691375732422e-01 -1.633411943912506104e-01
-1.328606128692626953e+00 4.508320689201354980e-01 4.031133651733398438e-01 -2.882463634014129639e-01 9.254927635192871094e-01 -1.625857055187225342e-01
-1.345897674560546875e+00 4.514896273612976074e-01 4.109021425247192383e-01 -2.907744348049163818e-01 9.349955320358276367e-01 -1.607151925563812256e-01
-1.363215684890747070e+00 4.522181153297424316e-01 4.185298085212707520e-01 -2.933849394321441650e-01 9.446858763694763184e-01 -1.588331758975982666e-01
-1.380532503128051758e+00 4.529500603675842285e-01 4.261561036109924316e-01 -2.959969341754913330e-01 9.543763995170593262e-01 -1.569531261920928955e-01
-1.397280454635620117e+00 4.535207152366638184e-01 4.339411854743957520e-01 -2.983568608760833740e-01 9.633392691612243652e-01 -1.551638543605804443e-01
-1.413324594497680664e+00 4.539082646369934082e-01 4.419109225273132324e-01 -3.004191815853118896e-01 9.714136719703674316e-01 -1.534890830516815186e-01
-1.426481485366821289e+00 4.527556300163269043e-01 4.496415853500366211e-01 -3.020436465740203857e-01 9.768399000167846680e-01 -1.507119834423065186e-01
-1.439526796340942383e+00 4.512464404106140137e-01 4.578127861022949219e-01 -3.032442033290863037e-01 9.817140102386474609e-01 -1.480022370815277100e-01
-1.452599048614501953e+00 4.478654265403747559e-01 4.677098393440246582e-01 -3.032864630222320557e-01 9.848892092704772949e-01 -1.445789635181427002e-01
-1.466506242752075195e+00 4.436108469963073730e-01 4.774541854858398438e-01 -3.043601810932159424e-01 9.890520572662353516e-01 -1.392506659030914307e-01
-1.480273962020874023e+00 4.393526911735534668e-01 4.870776534080505371e-01 -3.056193292140960693e-01 9.931963086128234863e-01 -1.337333619594573975e-01
-1.492593526840209961e+00 4.383473992347717285e-01 4.976503849029541016e-01 -3.060531914234161377e-01 9.949431419372558594e-01 -1.322942078113555908e-01
-1.503804445266723633e+00 4.372741580009460449e-01 5.089362859725952148e-01 -3.053404390811920166e-01 9.948681592941284180e-01 -1.319337189197540283e-01
-1.516154050827026367e+00 4.310914874076843262e-01 5.216537714004516602e-01 -3.022208511829376221e-01 9.945002794265747070e-01 -1.288706362247467041e-01
-1.529628992080688477e+00 4.236024022102355957e-01 5.345965623855590820e-01 -2.990107834339141846e-01 9.950324296951293945e-01 -1.245916187763214111e-01
-1.543131589889526367e+00 4.160972237586975098e-01 5.474776625633239746e-01 -2.958085238933563232e-01 9.956539273262023926e-01 -1.202886998653411865e-01
-1.541512489318847656e+00 4.098231196403503418e-01 5.574871301651000977e-01 -2.873869836330413818e-01 9.840253591537475586e-01 -1.224361360073089600e-01
-1.539309501647949219e+00 4.117611050605773926e-01 5.610557198524475098e-01 -2.854595482349395752e-01 9.782537817955017090e-01 -1.263015568256378174e-01
-1.537513017654418945e+00 4.154203534126281738e-01 5.632523298263549805e-01 -2.848421633243560791e-01 9.742606878280639648e-01 -1.305781900882720947e-01
-1.533435821533203125e+00 4.189824461936950684e-01 5.651980042457580566e-01 -2.824173271656036377e-01 9.682378172874450684e-01 -1.365651190280914307e-01
-1.530155897140502930e+00 4.234479069709777832e-01 5.672097802162170410e-01 -2.807220518589019775e-01 9.629461169242858887e-01 -1.427258551120758057e-01
-1.530844926834106445e+00 4.284868836402893066e-01 5.694472193717956543e-01 -2.811599075794219971e-01 9.613977074623107910e-01 -1.473269760608673096e-01
-1.533381462097167969e+00 4.330725073814392090e-01 5.711319446563720703e-01 -2.826593220233917236e-01 9.622495174407958984e-01 -1.504131853580474854e-01
-1.535917043685913086e+00 4.376702904701232910e-01 5.727960467338562012e-01 -2.841728627681732178e-01 9.631209969520568848e-01 -1.534974277019500732e-01
-1.538447618484497070e+00 4.398630261421203613e-01 5.755310058593750000e-01 -2.840602099895477295e-01 9.629166126251220703e-01 -1.558028161525726318e-01
-1.540973663330078125e+00 4.416761994361877441e-01 5.784362554550170898e-01 -2.836896479129791260e-01 9.625374078750610352e-01 -1.579865515232086182e-01
-1.543503999710083008e+00 4.434971213340759277e-01 5.813366770744323730e-01 -2.833269536495208740e-01 9.621673226356506348e-01 -1.601701676845550537e-01
-1.546035766601562500e+00 4.453080296516418457e-01 5.842426419258117676e-01 -2.829577028751373291e-01 9.617931246757507324e-01 -1.623503267765045166e-01
-1.548490047454833984e+00 4.472625851631164551e-01 5.865219831466674805e-01 -2.824573218822479248e-01 9.619680643081665039e-01 -1.648052632808685303e-01
-1.550935506820678711e+00 4.492445588111877441e-01 5.886695981025695801e-01 -2.819299995899200439e-01 9.622659087181091309e-01 -1.673145592212677002e-01
-1.553059101104736328e+00 4.514430165290832520e-01 5.907162427902221680e-01 -2.814697325229644775e-01 9.623428583145141602e-01 -1.699732840061187744e-01
-1.554545640945434570e+00 4.540056586265563965e-01 5.925452113151550293e-01 -2.810627520084381104e-01 9.620004296302795410e-01 -1.729429066181182861e-01
-1.562141656875610352e+00 4.528777003288269043e-01 5.940323472023010254e-01 -2.822985351085662842e-01 9.681093096733093262e-01 -1.705791652202606201e-01
-1.571655273437500000e+00 4.500282406806945801e-01 5.956296920776367188e-01 -2.838083207607269287e-01 9.760255813598632812e-01 -1.662199199199676514e-01
-1.580523252487182617e+00 4.470371603965759277e-01 5.969777107238769531e-01 -2.851035892963409424e-01 9.835455417633056641e-01 -1.619335711002349854e-01
-1.588274002075195312e+00 4.439441561698913574e-01 5.980916619300842285e-01 -2.860257327556610107e-01 9.901823401451110840e-01 -1.579184234142303467e-01
-1.596057415008544922e+00 4.394189715385437012e-01 5.998507738113403320e-01 -2.861222922801971436e-01 9.962066411972045898e-01 -1.532966792583465576e-01
-1.603718996047973633e+00 4.329029917716979980e-01 6.030821204185485840e-01 -2.840988934040069580e-01 1.000636816024780273e+00 -1.488040983676910400e-01
-1.611961126327514648e+00 4.264089465141296387e-01 6.063482165336608887e-01 -2.822848856449127197e-01 1.005612850189208984e+00 -1.441240608692169189e-01
-1.621620655059814453e+00 4.179684519767761230e-01 6.103491187095642090e-01 -2.799291908740997314e-01 1.011271476745605469e+00 -1.380392611026763916e-01
-1.631696462631225586e+00 4.084066748619079590e-01 6.147924661636352539e-01 -2.770461142063140869e-01 1.016903996467590332e+00 -1.313605606555938721e-01
-1.641771554946899414e+00 3.988488316535949707e-01 6.192340254783630371e-01 -2.741667926311492920e-01 1.022537469863891602e+00 -1.246820390224456787e-01
-1.651852607727050781e+00 3.892936110496520996e-01 6.236722469329833984e-01 -2.712921798229217529e-01 1.028180360794067383e+00 -1.180014312267303467e-01
-1.661927938461303711e+00 3.797311186790466309e-01 6.281154155731201172e-01 -2.684096395969390869e-01 1.033812522888183594e+00 -1.113214790821075439e-01
-1.672006130218505859e+00 3.701820969581604004e-01 6.325527429580688477e-01 -2.655371725559234619e-01 1.039453387260437012e+00 -1.046449244022369385e-01
-1.682084321975708008e+00 3.606142401695251465e-01 6.369967460632324219e-01 -2.626531422138214111e-01 1.045087575912475586e+00 -9.796109795570373535e-02
-1.692162990570068359e+00 3.510596156120300293e-01 6.414360404014587402e-01 -2.597776353359222412e-01 1.050726890563964844e+00 -9.128198027610778809e-02
-1.703431844711303711e+00 3.411222100257873535e-01 6.459993720054626465e-01 -2.569811046123504639e-01 1.057432413101196289e+00 -8.414110541343688965e-02
-1.715306043624877930e+00 3.324140906333923340e-01 6.503369808197021484e-01 -2.549544870853424072e-01 1.064969062805175781e+00 -7.745960354804992676e-02
-1.727157354354858398e+00 3.263502717018127441e-01 6.543891429901123047e-01 -2.532981932163238525e-01 1.072768211364746094e+00 -7.305207848548889160e-02
-1.739323139190673828e+00 3.198825716972351074e-01 6.585330963134765625e-01 -2.514843642711639404e-01 1.080790042877197266e+00 -6.839820742607116699e-02
-1.751491546630859375e+00 3.134142756462097168e-01 6.626784205436706543e-01 -2.496702373027801514e-01 1.088813066482543945e+00 -6.374403834342956543e-02
-1.763656377792358398e+00 3.069449067115783691e-01 6.668226718902587891e-01 -2.478559911251068115e-01 1.096833705902099609e+00 -5.908891558647155762e-02
-1.775818824768066406e+00 3.004799485206604004e-01 6.709662079811096191e-01 -2.460416853427886963e-01 1.104852676391601562e+00 -5.443826317787170410e-02
-1.787987232208251953e+00 2.940074801445007324e-01 6.751139163970947266e-01 -2.442252933979034424e-01 1.112873315811157227e+00 -4.978218674659729004e-02
-1.800152540206909180e+00 2.875416874885559082e-01 6.792569756507873535e-01 -2.424128949642181396e-01 1.120895624160766602e+00 -4.512879252433776855e-02
-1.812318086624145508e+00 2.810716032981872559e-01 6.834022998809814453e-01 -2.405969202518463135e-01 1.128915786743164062e+00 -4.047468304634094238e-02
-1.824485540390014648e+00 2.746033072471618652e-01 6.875466108322143555e-01 -2.387836277484893799e-01 1.136938929557800293e+00 -3.581967949867248535e-02
-1.836646080017089844e+00 2.681381106376647949e-01 6.916892528533935547e-01 -2.369690239429473877e-01 1.144956827163696289e+00 -3.116908669471740723e-02
-1.848274230957031250e+00 2.621473670005798340e-01 6.955257654190063477e-01 -2.353695929050445557e-01 1.152748465538024902e+00 -2.677777409553527832e-02
-1.859394788742065430e+00 2.566090226173400879e-01 6.990696191787719727e-01 -2.339732348918914795e-01 1.160325169563293457e+00 -2.263578772544860840e-02
-1.871439933776855469e+00 2.515361905097961426e-01 7.028962969779968262e-01 -2.332107722759246826e-01 1.168543577194213867e+00 -1.832541823387145996e-02
-1.886520385742187500e+00 2.425191998481750488e-01 7.093104124069213867e-01 -2.302195727825164795e-01 1.177209973335266113e+00 -1.229962706565856934e-02
-1.903421401977539062e+00 2.321980595588684082e-01 7.167358398437500000e-01 -2.266601026058197021e-01 1.186685562133789062e+00 -5.537956953048706055e-03
-1.920555591583251953e+00 2.216431498527526855e-01 7.244899868965148926e-01 -2.228865325450897217e-01 1.196065664291381836e+00 1.243382692337036133e-03
-1.937686443328857422e+00 2.110918164253234863e-01 7.322427630424499512e-01 -2.191133201122283936e-01 1.205443620681762695e+00 8.021503686904907227e-03
-1.954738140106201172e+00 2.009482979774475098e-01 7.399114370346069336e-01 -2.154718339443206787e-01 1.214826703071594238e+00 1.452353596687316895e-02
-1.971760034561157227e+00 1.909517645835876465e-01 7.475495338439941406e-01 -2.118792235851287842e-01 1.224210500717163086e+00 2.092745900154113770e-02
-1.988685131072998047e+00 1.809425950050354004e-01 7.550823092460632324e-01 -2.082607448101043701e-01 1.233602762222290039e+00 2.731814980506896973e-02
-2.005497455596923828e+00 1.709272265434265137e-01 7.623658180236816406e-01 -2.047048509120941162e-01 1.243131637573242188e+00 3.377762436866760254e-02
-2.022371053695678711e+00 1.609205603599548340e-01 7.696350812911987305e-01 -2.012182176113128662e-01 1.252735972404479980e+00 4.029765725135803223e-02
-2.039246797561645508e+00 1.509184241294860840e-01 7.769001126289367676e-01 -1.977370679378509521e-01 1.262346744537353516e+00 4.681864380836486816e-02
-2.056124210357666016e+00 1.409201025962829590e-01 7.841641902923583984e-01 -1.942597329616546631e-01 1.271960020065307617e+00 5.333963036537170410e-02
-2.073032617568969727e+00 1.310045123100280762e-01 7.914673089981079102e-01 -1.909197270870208740e-01 1.281565308570861816e+00 5.991521477699279785e-02
-2.089985132217407227e+00 1.213845536112785339e-01 7.984810471534729004e-01 -1.878807246685028076e-01 1.291504144668579102e+00 6.649617105722427368e-02
-2.107375144958496094e+00 1.119388863444328308e-01 8.051301836967468262e-01 -1.853331029415130615e-01 1.302244901657104492e+00 7.339421659708023071e-02
-2.124764680862426758e+00 1.024979874491691589e-01 8.117774128913879395e-01 -1.827871501445770264e-01 1.312987327575683594e+00 8.028916269540786743e-02
-2.142152070999145508e+00 9.305446594953536987e-02 8.184260725975036621e-01 -1.802392899990081787e-01 1.323725938796997070e+00 8.718482404947280884e-02
-2.159809827804565430e+00 8.408945053815841675e-02 8.250219225883483887e-01 -1.778188645839691162e-01 1.334787845611572266e+00 9.372941404581069946e-02
-2.177406549453735352e+00 7.509654015302658081e-02 8.316553235054016113e-01 -1.752929389476776123e-01 1.345751285552978516e+00 1.001963987946510315e-01
-2.195106267929077148e+00 6.611841171979904175e-02 8.382124900817871094e-01 -1.728703677654266357e-01 1.356893777847290039e+00 1.067519560456275940e-01
-2.211567401885986328e+00 5.505769699811935425e-02 8.457267284393310547e-01 -1.685679852962493896e-01 1.365840673446655273e+00 1.135102882981300354e-01
-2.226635217666625977e+00 4.194753617048263550e-02 8.542936444282531738e-01 -1.622154414653778076e-01 1.372341632843017578e+00 1.202679052948951721e-01
-2.241621255874633789e+00 2.879565209150314331e-02 8.629078865051269531e-01 -1.557315289974212646e-01 1.378713369369506836e+00 1.269358694553375244e-01
-2.258322477340698242e+00 1.395266503095626831e-02 8.723743557929992676e-01 -1.486931741237640381e-01 1.385948181152343750e+00 1.347405016422271729e-01
-2.281015872955322266e+00 -4.887171089649200439e-03 8.841531872749328613e-01 -1.416535079479217529e-01 1.396862745285034180e+00 1.465406715869903564e-01
-2.306061267852783203e+00 -2.351982146501541138e-02 8.962219357490539551e-01 -1.364051997661590576e-01 1.409839391708374023e+00 1.599250137805938721e-01
-2.332434892654418945e+00 -4.030901938676834106e-02 9.071967005729675293e-01 -1.335032880306243896e-01 1.425238132476806641e+00 1.738122999668121338e-01
-2.358229398727416992e+00 -5.621916800737380981e-02 9.158156514167785645e-01 -1.322047412395477295e-01 1.442413806915283203e+00 1.884239017963409424e-01
-2.380369186401367188e+00 -7.057292014360427856e-02 9.214509129524230957e-01 -1.319223344326019287e-01 1.458918333053588867e+00 2.024952471256256104e-01
-2.400267362594604492e+00 -8.468324691057205200e-02 9.281315207481384277e-01 -1.310938298702239990e-01 1.472135782241821289e+00 2.157770693302154541e-01
-2.420926332473754883e+00 -9.962040930986404419e-02 9.376315474510192871e-01 -1.303264796733856201e-01 1.483294725418090820e+00 2.299468815326690674e-01
-2.443938255310058594e+00 -1.178038790822029114e-01 9.470697045326232910e-01 -1.288580596446990967e-01 1.496868610382080078e+00 2.466619312763214111e-01
-2.467035293579101562e+00 -1.366191506385803223e-01 9.564048647880554199e-01 -1.271952092647552490e-01 1.510630369186401367e+00 2.638143599033355713e-01
-2.489917039871215820e+00 -1.556518673896789551e-01 9.655616283416748047e-01 -1.255109012126922607e-01 1.524355411529541016e+00 2.811627686023712158e-01
-2.511333703994750977e+00 -1.760850548744201660e-01 9.733917713165283203e-01 -1.235955655574798584e-01 1.537941932678222656e+00 2.996806204319000244e-01
-2.532333612442016602e+00 -1.965005993843078613e-01 9.805468320846557617e-01 -1.215139329433441162e-01 1.551786780357360840e+00 3.180145323276519775e-01
-2.551960229873657227e+00 -2.168527245521545410e-01 9.875887036323547363e-01 -1.190647780895233154e-01 1.564371585845947266e+00 3.359175026416778564e-01
-2.569346904754638672e+00 -2.370899319648742676e-01 9.944476485252380371e-01 -1.160268485546112061e-01 1.574899196624755859e+00 3.531167805194854736e-01
-2.587197542190551758e+00 -2.577252984046936035e-01 1.001390576362609863e+00 -1.133259236812591553e-01 1.585806965827941895e+00 3.710512220859527588e-01
-2.605793237686157227e+00 -2.781797051429748535e-01 1.008452296257019043e+00 -1.113284528255462646e-01 1.597340941429138184e+00 3.895081579685211182e-01
-2.624392032623291016e+00 -2.986422181129455566e-01 1.015514731407165527e+00 -1.093300282955169678e-01 1.608877301216125488e+00 4.079722464084625244e-01
-2.641682147979736328e+00 -3.199279904365539551e-01 1.022188425064086914e+00 -1.064679324626922607e-01 1.619493722915649414e+00 4.263959228992462158e-01
-2.656245470046997070e+00 -3.432500958442687988e-01 1.027844429016113281e+00 -9.992596507072448730e-02 1.628401041030883789e+00 4.431760609149932861e-01
-2.672746896743774414e+00 -3.681424260139465332e-01 1.035270214080810547e+00 -9.229347109794616699e-02 1.637476682662963867e+00 4.604358971118927002e-01
-2.686490535736083984e+00 -3.914356827735900879e-01 1.042756438255310059e+00 -8.347699046134948730e-02 1.643734097480773926e+00 4.749126732349395752e-01
-2.700355052947998047e+00 -4.140382409095764160e-01 1.050155043601989746e+00 -7.512530684471130371e-02 1.650200009346008301e+00 4.891635477542877197e-01
-2.708563566207885742e+00 -4.361866116523742676e-01 1.053009629249572754e+00 -6.931588053703308105e-02 1.655553936958312988e+00 5.055024623870849609e-01
-2.707271575927734375e+00 -4.535771012306213379e-01 1.045200228691101074e+00 -7.334801554679870605e-02 1.662071347236633301e+00 5.269250869750976562e-01
-2.704607248306274414e+00 -4.709265828132629395e-01 1.036824941635131836e+00 -7.691380381584167480e-02 1.667782306671142578e+00 5.478403568267822266e-01
-2.692357778549194336e+00 -4.936502575874328613e-01 1.021503090858459473e+00 -8.126875758171081543e-02 1.670854687690734863e+00 5.749189853668212891e-01
-2.676716089248657227e+00 -5.180488228797912598e-01 1.003404021263122559e+00 -8.654901385307312012e-02 1.673312067985534668e+00 6.045978069305419922e-01
-2.660917043685913086e+00 -5.425551533699035645e-01 9.881702065467834473e-01 -8.989807963371276855e-02 1.672746896743774414e+00 6.324532032012939453e-01
-2.644783735275268555e+00 -5.675750374794006348e-01 9.731143116950988770e-01 -9.301254153251647949e-02 1.671669483184814453e+00 6.605875492095947266e-01
-2.629981279373168945e+00 -5.914571881294250488e-01 9.584611058235168457e-01 -9.671089053153991699e-02 1.671520233154296875e+00 6.881680488586425781e-01
-2.638735055923461914e+00 -5.932806134223937988e-01 9.534212350845336914e-01 -1.080733239650726318e-01 1.685313820838928223e+00 7.013539075851440430e-01
-2.648282289505004883e+00 -5.962484478950500488e-01 9.490140676498413086e-01 -1.185207068920135498e-01 1.699268221855163574e+00 7.147691249847412109e-01
-2.657832860946655273e+00 -5.992169976234436035e-01 9.446086883544921875e-01 -1.289654672145843506e-01 1.713224172592163086e+00 7.281824350357055664e-01
-2.666670560836791992e+00 -6.018949151039123535e-01 9.398214221000671387e-01 -1.395801007747650146e-01 1.726849079132080078e+00 7.414749860763549805e-01
-2.671533346176147461e+00 -6.025770306587219238e-01 9.321361184120178223e-01 -1.517007052898406982e-01 1.739397287368774414e+00 7.542777061462402344e-01
-2.667943477630615234e+00 -6.017082333564758301e-01 9.228389859199523926e-01 -1.591245830059051514e-01 1.745104551315307617e+00 7.608327865600585938e-01
-2.662430763244628906e+00 -5.990985035896301270e-01 9.136123657226562500e-01 -1.637215316295623779e-01 1.748818397521972656e+00 7.628200054168701172e-01
-2.657267808914184570e+00 -5.948255658149719238e-01 9.043126702308654785e-01 -1.676522195339202881e-01 1.752955198287963867e+00 7.624777555465698242e-01
-2.651417732238769531e+00 -5.893681645393371582e-01 8.942240476608276367e-01 -1.723410785198211670e-01 1.757193684577941895e+00 7.617092132568359375e-01
-2.645315408706665039e+00 -5.837510228157043457e-01 8.838726282119750977e-01 -1.772248446941375732e-01 1.761442780494689941e+00 7.609758377075195312e-01
-2.639046430587768555e+00 -5.780227780342102051e-01 8.733441829681396484e-01 -1.822404563426971436e-01 1.765702247619628906e+00 7.602632045745849609e-01
-2.634426116943359375e+00 -5.722849965095520020e-01 8.637325763702392578e-01 -1.873683631420135498e-01 1.770693540573120117e+00 7.596533298492431641e-01
-2.629213571548461914e+00 -5.653067231178283691e-01 8.526348471641540527e-01 -1.936262547969818115e-01 1.776578664779663086e+00 7.589329481124877930e-01
-2.623993873596191406e+00 -5.583253502845764160e-01 8.415299057960510254e-01 -1.998891532421112061e-01 1.782464027404785156e+00 7.582144737243652344e-01
-2.618690967559814453e+00 -5.511680245399475098e-01 8.301413655281066895e-01 -2.062589824199676514e-01 1.788549661636352539e+00 7.574269771575927734e-01
-2.612766981124877930e+00 -5.425742268562316895e-01 8.165144920349121094e-01 -2.135375440120697021e-01 1.796252489089965820e+00 7.561117410659790039e-01
-2.607217073440551758e+00 -5.340159535408020020e-01 8.032015562057495117e-01 -2.208037078380584717e-01 1.804015517234802246e+00 7.548196315765380859e-01
-2.601581335067749023e+00 -5.247815251350402832e-01 7.878695130348205566e-01 -2.293890416622161865e-01 1.813711881637573242e+00 7.541705369949340820e-01
-2.595926284790039062e+00 -5.153909325599670410e-01 7.724327445030212402e-01 -2.380639016628265381e-01 1.823493480682373047e+00 7.534548044204711914e-01
-2.590806484222412109e+00 -5.065518021583557129e-01 7.578865289688110352e-01 -2.461797893047332764e-01 1.832919955253601074e+00 7.527315616607666016e-01
-2.585766315460205078e+00 -4.977789521217346191e-01 7.434182167053222656e-01 -2.542049586772918701e-01 1.842348098754882812e+00 7.519838809967041016e-01
-2.581647157669067383e+00 -4.897292256355285645e-01 7.300066947937011719e-01 -2.612304389476776123e-01 1.851640462875366211e+00 7.509596347808837891e-01
-2.583193778991699219e+00 -4.853299260139465332e-01 7.240396738052368164e-01 -2.652196586132049561e-01 1.859154105186462402e+00 7.505495548248291016e-01
-2.584738254547119141e+00 -4.809301495552062988e-01 7.180678248405456543e-01 -2.692130506038665771e-01 1.866670370101928711e+00 7.501431703567504883e-01
-2.590183734893798828e+00 -4.798968434333801270e-01 7.158066630363464355e-01 -2.714128196239471436e-01 1.874377012252807617e+00 7.513096332550048828e-01
-2.596356391906738281e+00 -4.795125126838684082e-01 7.142648100852966309e-01 -2.732534110546112061e-01 1.882091522216796875e+00 7.527658939361572266e-01
-2.602935791015625000e+00 -4.787712693214416504e-01 7.129148840904235840e-01 -2.753048837184906006e-01 1.890020847320556641e+00 7.540761232376098633e-01
-2.609519958496093750e+00 -4.780331254005432129e-01 7.115687727928161621e-01 -2.773532569408416748e-01 1.897951126098632812e+00 7.553863525390625000e-01
-2.615303754806518555e+00 -4.760392308235168457e-01 7.108595967292785645e-01 -2.792684733867645264e-01 1.904444217681884766e+00 7.553076744079589844e-01
-2.621240854263305664e+00 -4.742088913917541504e-01 7.103903889656066895e-01 -2.810145318508148193e-01 1.910850524902343750e+00 7.552233934402465820e-01
-2.628856658935546875e+00 -4.738243222236633301e-01 7.116201519966125488e-01 -2.817324101924896240e-01 1.917236566543579102e+00 7.555567026138305664e-01
-2.635877847671508789e+00 -4.741244912147521973e-01 7.127769589424133301e-01 -2.816841304302215576e-01 1.923100948333740234e+00 7.558085918426513672e-01
-2.642169237136840820e+00 -4.752631783485412598e-01 7.138383984565734863e-01 -2.807001769542694092e-01 1.928330898284912109e+00 7.559633255004882812e-01
-2.648462533950805664e+00 -4.764044880867004395e-01 7.148957848548889160e-01 -2.797189652919769287e-01 1.933566808700561523e+00 7.561234235763549805e-01
-2.654746770858764648e+00 -4.775388836860656738e-01 7.159517407417297363e-01 -2.787389457225799561e-01 1.938795089721679688e+00 7.562777996063232422e-01
-2.661039829254150391e+00 -4.786818623542785645e-01 7.170081734657287598e-01 -2.777573764324188232e-01 1.944031715393066406e+00 7.564392089843750000e-01
-2.667323827743530273e+00 -4.798138737678527832e-01 7.180636525154113770e-01 -2.767772376537322998e-01 1.949260234832763672e+00 7.565910816192626953e-01
-2.673615694046020508e+00 -4.809544682502746582e-01 7.191216349601745605e-01 -2.757944762706756592e-01 1.954493999481201172e+00 7.567489147186279297e-01
-2.679906368255615234e+00 -4.820945858955383301e-01 7.201802134513854980e-01 -2.748125493526458740e-01 1.959726095199584961e+00 7.569071054458618164e-01
-2.686195850372314453e+00 -4.832327961921691895e-01 7.212381958961486816e-01 -2.738296687602996826e-01 1.964957714080810547e+00 7.570624351501464844e-01
-2.692478418350219727e+00 -4.843662381172180176e-01 7.222906947135925293e-01 -2.728517949581146240e-01 1.970187664031982422e+00 7.572180032730102539e-01
-2.698411703109741211e+00 -4.851272702217102051e-01 7.228856682777404785e-01 -2.721801698207855225e-01 1.975526094436645508e+00 7.573074102401733398e-01
-2.703344821929931641e+00 -4.851828217506408691e-01 7.220460772514343262e-01 -2.722301185131072998e-01 1.981298685073852539e+00 7.574129104614257812e-01
-2.708277940750122070e+00 -4.852390885353088379e-01 7.212130427360534668e-01 -2.722761332988739014e-01 1.987064838409423828e+00 7.575151920318603516e-01
-2.713216066360473633e+00 -4.852998852729797363e-01 7.203806042671203613e-01 -2.723217904567718506e-01 1.992835521697998047e+00 7.576216459274291992e-01
-2.720100641250610352e+00 -4.864340424537658691e-01 7.213227152824401855e-01 -2.715884149074554443e-01 1.998777866363525391e+00 7.580224275588989258e-01
-2.729086160659790039e+00 -4.895024895668029785e-01 7.251402735710144043e-01 -2.686353623867034912e-01 2.003945827484130859e+00 7.581378221511840820e-01
-2.738868236541748047e+00 -4.933319687843322754e-01 7.298116087913513184e-01 -2.651654183864593506e-01 2.009056568145751953e+00 7.584973573684692383e-01
-2.749986171722412109e+00 -4.982882142066955566e-01 7.358813881874084473e-01 -2.610367238521575928e-01 2.014104843139648438e+00 7.593249082565307617e-01
-2.761295557022094727e+00 -5.031743645668029785e-01 7.422329783439636230e-01 -2.570310533046722412e-01 2.019062519073486328e+00 7.602053880691528320e-01
-2.775377511978149414e+00 -5.127015709877014160e-01 7.546002268791198730e-01 -2.486872375011444092e-01 2.020777225494384766e+00 7.613887786865234375e-01
-2.792411565780639648e+00 -5.270062088966369629e-01 7.725343108177185059e-01 -2.353363931179046631e-01 2.019877195358276367e+00 7.623425722122192383e-01
-2.809688091278076172e+00 -5.405715107917785645e-01 7.881074547767639160e-01 -2.221055924892425537e-01 2.021580696105957031e+00 7.626770734786987305e-01
-2.825887918472290039e+00 -5.529602169990539551e-01 8.030142188072204590e-01 -2.095972001552581787e-01 2.022873640060424805e+00 7.625573873519897461e-01
-2.841446638107299805e+00 -5.638387799263000488e-01 8.173508048057556152e-01 -1.985318362712860107e-01 2.024095773696899414e+00 7.623705863952636719e-01
-2.857005834579467773e+00 -5.747206807136535645e-01 8.316867947578430176e-01 -1.874655187129974365e-01 2.025319099426269531e+00 7.621861696243286133e-01
-2.873661279678344727e+00 -5.861220955848693848e-01 8.473477959632873535e-01 -1.756968200206756592e-01 2.026313543319702148e+00 7.618188858032226562e-01
-2.891931056976318359e+00 -5.981248021125793457e-01 8.647710680961608887e-01 -1.629199683666229248e-01 2.027159929275512695e+00 7.610447406768798828e-01
-2.910201311111450195e+00 -6.101277470588684082e-01 8.821911215782165527e-01 -1.501455008983612061e-01 2.028010129928588867e+00 7.602732181549072266e-01
-2.928475618362426758e+00 -6.221340298652648926e-01 8.996178507804870605e-01 -1.373670995235443115e-01 2.028857707977294922e+00 7.595010995864868164e-01
-2.946539163589477539e+00 -6.339417099952697754e-01 9.170727133750915527e-01 -1.245414912700653076e-01 2.029466390609741211e+00 7.584831714630126953e-01
-2.964393377304077148e+00 -6.452808976173400879e-01 9.351342320442199707e-01 -1.110391318798065186e-01 2.029259204864501953e+00 7.563199996948242188e-01
-2.982277631759643555e+00 -6.566117405891418457e-01 9.532873630523681641e-01 -9.744116663932800293e-02 2.028990268707275391e+00 7.540528774261474609e-01
-3.000156164169311523e+00 -6.679370999336242676e-01 9.714372158050537109e-01 -8.384487032890319824e-02 2.028718948364257812e+00 7.517819404602050781e-01
-3.018038511276245117e+00 -6.792624592781066895e-01 9.895874261856079102e-01 -7.025000452995300293e-02 2.028450965881347656e+00 7.495124340057373047e-01
-3.036192655563354492e+00 -6.910300850868225098e-01 1.008054137229919434e+00 -5.631241574883460999e-02 2.028138637542724609e+00 7.473425269126892090e-01
-3.055442571640014648e+00 -7.045615315437316895e-01 1.027806639671325684e+00 -4.099557176232337952e-02 2.027636051177978516e+00 7.455571293830871582e-01
-3.074735403060913086e+00 -7.180283665657043457e-01 1.047598958015441895e+00 -2.576384320855140686e-02 2.027136325836181641e+00 7.437922358512878418e-01
-3.094636440277099609e+00 -7.320645451545715332e-01 1.068176150321960449e+00 -9.909722954034805298e-03 2.026460170745849609e+00 7.419742941856384277e-01
-3.115621566772460938e+00 -7.472923398017883301e-01 1.090163826942443848e+00 7.274296134710311890e-03 2.025457859039306641e+00 7.400180697441101074e-01
-3.136610746383666992e+00 -7.625287175178527832e-01 1.112160801887512207e+00 2.446940168738365173e-02 2.024449825286865234e+00 7.380593419075012207e-01
-3.156284570693969727e+00 -7.748659253120422363e-01 1.129046797752380371e+00 3.690817579627037048e-02 2.027237892150878906e+00 7.379577755928039551e-01
-3.175865888595581055e+00 -7.870023846626281738e-01 1.145578503608703613e+00 4.901697859168052673e-02 2.030287265777587891e+00 7.379854321479797363e-01
-3.195452451705932617e+00 -7.991448044776916504e-01 1.162114024162292480e+00 6.112995371222496033e-02 2.033338546752929688e+00 7.380148768424987793e-01
-3.215037584304809570e+00 -8.112838864326477051e-01 1.178649783134460449e+00 7.324126362800598145e-02 2.036387920379638672e+00 7.380425930023193359e-01
-3.234625577926635742e+00 -8.234265446662902832e-01 1.195188879966735840e+00 8.535626530647277832e-02 2.039436817169189453e+00 7.380702495574951172e-01
-3.252562284469604492e+00 -8.343589901924133301e-01 1.209619641304016113e+00 9.595039486885070801e-02 2.042942523956298828e+00 7.384085655212402344e-01
-3.262657403945922852e+00 -8.395357728004455566e-01 1.214011311531066895e+00 9.930554032325744629e-02 2.048645973205566406e+00 7.402302026748657227e-01
-3.272752046585083008e+00 -8.447132706642150879e-01 1.218402981758117676e+00 1.026584208011627197e-01 2.054348945617675781e+00 7.420548200607299805e-01
-3.282845497131347656e+00 -8.498941063880920410e-01 1.222794055938720703e+00 1.060126125812530518e-01 2.060051441192626953e+00 7.438814640045166016e-01
-3.292941331863403320e+00 -8.550692200660705566e-01 1.227186799049377441e+00 1.093657314777374268e-01 2.065754413604736328e+00 7.457034587860107422e-01
-3.302599906921386719e+00 -8.600721955299377441e-01 1.231308102607727051e+00 1.125755608081817627e-01 2.071291923522949219e+00 7.474966049194335938e-01
-3.311680793762207031e+00 -8.648880124092102051e-01 1.235067486763000488e+00 1.155425608158111572e-01 2.076613426208496094e+00 7.493454217910766602e-01
-3.320687055587768555e+00 -8.697286248207092285e-01 1.238762021064758301e+00 1.185156404972076416e-01 2.081924915313720703e+00 7.512129545211791992e-01
-3.328510522842407227e+00 -8.731816411018371582e-01 1.242640376091003418e+00 1.210621893405914307e-01 2.085870265960693359e+00 7.521194219589233398e-01
-3.335942268371582031e+00 -8.750737309455871582e-01 1.247329592704772949e+00 1.231196224689483643e-01 2.088612556457519531e+00 7.519540786743164062e-01
-3.343488454818725586e+00 -8.771315217018127441e-01 1.252049326896667480e+00 1.253060400485992432e-01 2.091439247131347656e+00 7.518254518508911133e-01
-3.351465225219726562e+00 -8.798201680183410645e-01 1.256875157356262207e+00 1.279963552951812744e-01 2.094590187072753906e+00 7.518237829208374023e-01
-3.358739376068115234e+00 -8.821616768836975098e-01 1.261245012283325195e+00 1.304549276828765869e-01 2.097494363784790039e+00 7.517067193984985352e-01
-3.365936517715454102e+00 -8.844683766365051270e-01 1.265562176704406738e+00 1.328878700733184814e-01 2.100374221801757812e+00 7.515804767608642578e-01
-3.373278141021728516e+00 -8.868361115455627441e-01 1.270166635513305664e+00 1.351492702960968018e-01 2.103111505508422852e+00 7.516868114471435547e-01
-3.380641222000122070e+00 -8.892145752906799316e-01 1.274814486503601074e+00 1.373880207538604736e-01 2.105826854705810547e+00 7.518265247344970703e-01
-3.388005256652832031e+00 -8.915911316871643066e-01 1.279462695121765137e+00 1.396253407001495361e-01 2.108542442321777344e+00 7.519657611846923828e-01
-3.395366430282592773e+00 -8.939712643623352051e-01 1.284108757972717285e+00 1.418652832508087158e-01 2.111257553100585938e+00 7.521059513092041016e-01
-3.403288125991821289e+00 -8.958793282508850098e-01 1.289635419845581055e+00 1.443047821521759033e-01 2.113652706146240234e+00 7.515745162963867188e-01
-3.411211490631103516e+00 -8.977912068367004395e-01 1.295168876647949219e+00 1.467502415180206299e-01 2.116042613983154297e+00 7.510409355163574219e-01
-3.419133424758911133e+00 -8.996956944465637207e-01 1.300700306892395020e+00 1.491933166980743408e-01 2.118432998657226562e+00 7.505023479461669922e-01
-3.427057504653930664e+00 -9.016018509864807129e-01 1.306234955787658691e+00 1.516366302967071533e-01 2.120822429656982422e+00 7.499651908874511719e-01
-3.434982061386108398e+00 -9.035113453865051270e-01 1.311768293380737305e+00 1.540804207324981689e-01 2.123213768005371094e+00 7.494308948516845703e-01
-3.442901372909545898e+00 -9.054172635078430176e-01 1.317298650741577148e+00 1.565227806568145752e-01 2.125602722167968750e+00 7.488944530487060547e-01
-3.450829744338989258e+00 -9.073248505592346191e-01 1.322832942008972168e+00 1.589656174182891846e-01 2.127996921539306641e+00 7.483592033386230469e-01
-3.458749532699584961e+00 -9.092312455177307129e-01 1.328364014625549316e+00 1.614103615283966064e-01 2.130385398864746094e+00 7.478208541870117188e-01
-3.466386556625366211e+00 -9.111986756324768066e-01 1.333694577217102051e+00 1.639211475849151611e-01 2.132691860198974609e+00 7.472774982452392578e-01
-3.473922014236450195e+00 -9.131909012794494629e-01 1.338948607444763184e+00 1.664586365222930908e-01 2.134973526000976562e+00 7.467322349548339844e-01
-3.481453180313110352e+00 -9.151828885078430176e-01 1.344202876091003418e+00 1.689951717853546143e-01 2.137250423431396484e+00 7.461876869201660156e-01
-3.488990068435668945e+00 -9.171746373176574707e-01 1.349456429481506348e+00 1.715314686298370361e-01 2.139533519744873047e+00 7.456431388854980469e-01
-3.496520280838012695e+00 -9.191673398017883301e-01 1.354709744453430176e+00 1.740694344043731689e-01 2.141810417175292969e+00 7.450978755950927734e-01
-3.504056692123413086e+00 -9.211590886116027832e-01 1.359965562820434570e+00 1.766062080860137939e-01 2.144091129302978516e+00 7.445528507232666016e-01
-3.510196924209594727e+00 -9.232459664344787598e-01 1.364149689674377441e+00 1.789937317371368408e-01 2.146047115325927734e+00 7.442522048950195312e-01
-3.515709161758422852e+00 -9.253831505775451660e-01 1.367845892906188965e+00 1.813130676746368408e-01 2.147863388061523438e+00 7.440700531005859375e-01
-3.521212816238403320e+00 -9.275158047676086426e-01 1.371542572975158691e+00 1.836355030536651611e-01 2.149670124053955078e+00 7.438802719116210938e-01
-3.526721715927124023e+00 -9.296486973762512207e-01 1.375239372253417969e+00 1.859546005725860596e-01 2.151482343673706055e+00 7.436940670013427734e-01
-3.532224655151367188e+00 -9.317815899848937988e-01 1.378933548927307129e+00 1.882746517658233643e-01 2.153291225433349609e+00 7.435069084167480469e-01
-3.537732839584350586e+00 -9.339182972908020020e-01 1.382630228996276855e+00 1.905968487262725830e-01 2.155102729797363281e+00 7.433214187622070312e-01
-3.543239355087280273e+00 -9.360492825508117676e-01 1.386326074600219727e+00 1.929147541522979736e-01 2.156913280487060547e+00 7.431344985961914062e-01
-3.548740386962890625e+00 -9.381800293922424316e-01 1.390020489692687988e+00 1.952340900897979736e-01 2.158720016479492188e+00 7.429459095001220703e-01
-3.554248571395874023e+00 -9.403119683265686035e-01 1.393717408180236816e+00 1.975529491901397705e-01 2.160531044006347656e+00 7.427589893341064453e-01
-3.559750556945800781e+00 -9.424462914466857910e-01 1.397412180900573730e+00 1.998753845691680908e-01 2.162338256835937500e+00 7.425708770751953125e-01
-3.565834522247314453e+00 -9.451606869697570801e-01 1.401577115058898926e+00 2.026684582233428955e-01 2.164257526397705078e+00 7.424921989440917969e-01
-3.571864128112792969e+00 -9.479838013648986816e-01 1.405807375907897949e+00 2.055974304676055908e-01 2.166056632995605469e+00 7.423863410949707031e-01
-3.577819108963012695e+00 -9.508350491523742676e-01 1.410032272338867188e+00 2.085681259632110596e-01 2.167786836624145508e+00 7.422668933868408203e-01
-3.584565877914428711e+00 -9.525998234748840332e-01 1.415425539016723633e+00 2.103860676288604736e-01 2.169140338897705078e+00 7.422137260437011719e-01
-3.592771768569946289e+00 -9.550035595893859863e-01 1.421475529670715332e+00 2.122600376605987549e-01 2.171296119689941406e+00 7.427434921264648438e-01
-3.601507425308227539e+00 -9.577797055244445801e-01 1.427689552307128906e+00 2.142679989337921143e-01 2.173817873001098633e+00 7.435116767883300781e-01
-3.610242128372192383e+00 -9.605522751808166504e-01 1.433901667594909668e+00 2.162730991840362549e-01 2.176340579986572266e+00 7.442791461944580078e-01
-3.618978738784790039e+00 -9.633262753486633301e-01 1.440114855766296387e+00 2.182784378528594971e-01 2.178864002227783203e+00 7.450478076934814453e-01
-3.627710580825805664e+00 -9.660981297492980957e-01 1.446326136589050293e+00 2.202835381031036377e-01 2.181384563446044922e+00 7.458145618438720703e-01
-3.636516332626342773e+00 -9.687696099281311035e-01 1.452444672584533691e+00 2.224090397357940674e-01 2.184071540832519531e+00 7.463605403900146484e-01
-3.645455598831176758e+00 -9.712598919868469238e-01 1.458393335342407227e+00 2.247548401355743408e-01 2.187062263488769531e+00 7.465050220489501953e-01
-3.654269695281982422e+00 -9.737766385078430176e-01 1.464202404022216797e+00 2.270865738391876221e-01 2.190067291259765625e+00 7.466900348663330078e-01
-3.661721944808959961e+00 -9.766538739204406738e-01 1.468488574028015137e+00 2.292909920215606689e-01 2.193233489990234375e+00 7.473628520965576172e-01
-3.668726205825805664e+00 -9.794338345527648926e-01 1.472488760948181152e+00 2.314226925373077393e-01 2.196237564086914062e+00 7.480111122131347656e-01
-3.675703287124633789e+00 -9.822092652320861816e-01 1.476473450660705566e+00 2.335539162158966064e-01 2.199229717254638672e+00 7.486553192138671875e-01
-3.680156469345092773e+00 -9.841256737709045410e-01 1.479155182838439941e+00 2.351622879505157471e-01 2.201001167297363281e+00 7.489633560180664062e-01
-3.683957338333129883e+00 -9.858186841011047363e-01 1.481499671936035156e+00 2.366354763507843018e-01 2.202457666397094727e+00 7.491831779479980469e-01
-3.687649250030517578e+00 -9.877257943153381348e-01 1.483777284622192383e+00 2.382614910602569580e-01 2.203871965408325195e+00 7.494642734527587891e-01
-3.690703392028808594e+00 -9.908462166786193848e-01 1.485666632652282715e+00 2.407486736774444580e-01 2.205036640167236328e+00 7.500975131988525391e-01
-3.693754434585571289e+00 -9.939635396003723145e-01 1.487555146217346191e+00 2.432377636432647705e-01 2.206199169158935547e+00 7.507257461547851562e-01
-3.696804285049438477e+00 -9.970834851264953613e-01 1.489444851875305176e+00 2.457261383533477783e-01 2.207359313964843750e+00 7.513573169708251953e-01
-3.699854612350463867e+00 -1.000205159187316895e+00 1.491334080696105957e+00 2.482171356678009033e-01 2.208520412445068359e+00 7.519880533218383789e-01
-3.702731847763061523e+00 -1.003130078315734863e+00 1.493265151977539062e+00 2.506859600543975830e-01 2.209466695785522461e+00 7.524441480636596680e-01
-3.704983472824096680e+00 -1.005369544029235840e+00 1.495341658592224121e+00 2.530796825885772705e-01 2.209641933441162109e+00 7.522898912429809570e-01
-3.707449436187744141e+00 -1.007727026939392090e+00 1.497487068176269531e+00 2.554440796375274658e-01 2.209962368011474609e+00 7.522829771041870117e-01
-3.711391687393188477e+00 -1.010002970695495605e+00 1.500184178352355957e+00 2.576179802417755127e-01 2.211207389831542969e+00 7.523850202560424805e-01
-3.715334415435791016e+00 -1.012278914451599121e+00 1.502881169319152832e+00 2.597933113574981689e-01 2.212453365325927734e+00 7.524856328964233398e-01
-3.719274997711181641e+00 -1.014551520347595215e+00 1.505576372146606445e+00 2.619648277759552002e-01 2.213698625564575195e+00 7.525867223739624023e-01
-3.724328279495239258e+00 -1.018119454383850098e+00 1.508356928825378418e+00 2.649615108966827393e-01 2.215971469879150391e+00 7.531579732894897461e-01
-3.730007171630859375e+00 -1.022411704063415527e+00 1.511180996894836426e+00 2.684111893177032471e-01 2.218826293945312500e+00 7.540005445480346680e-01
-3.735680341720581055e+00 -1.026705861091613770e+00 1.514005422592163086e+00 2.718651592731475830e-01 2.221674919128417969e+00 7.548407316207885742e-01
-3.741356372833251953e+00 -1.030998110771179199e+00 1.516828656196594238e+00 2.753153145313262939e-01 2.224527835845947266e+00 7.556828260421752930e-01
-3.747027158737182617e+00 -1.035286545753479004e+00 1.519652962684631348e+00 2.787671387195587158e-01 2.227374076843261719e+00 7.565194368362426758e-01
-3.752705812454223633e+00 -1.039579987525939941e+00 1.522477746009826660e+00 2.822215855121612549e-01 2.230227947235107422e+00 7.573584318161010742e-01
-3.758367300033569336e+00 -1.043871045112609863e+00 1.525302052497863770e+00 2.856750786304473877e-01 2.233065128326416016e+00 7.581959962844848633e-01
-3.764239549636840820e+00 -1.048319935798645020e+00 1.527977108955383301e+00 2.890487015247344971e-01 2.236262321472167969e+00 7.592712640762329102e-01
-3.770278692245483398e+00 -1.052317023277282715e+00 1.530702710151672363e+00 2.923178970813751221e-01 2.239575862884521484e+00 7.599991559982299805e-01
-3.776324033737182617e+00 -1.056311964988708496e+00 1.533431053161621094e+00 2.955839931964874268e-01 2.242892980575561523e+00 7.607280015945434570e-01
-3.782366752624511719e+00 -1.060311675071716309e+00 1.536155223846435547e+00 2.988517582416534424e-01 2.246211528778076172e+00 7.614599466323852539e-01
-3.788419008255004883e+00 -1.064310908317565918e+00 1.538883924484252930e+00 3.021197617053985596e-01 2.249535083770751953e+00 7.621911764144897461e-01
-3.794460535049438477e+00 -1.068309903144836426e+00 1.541609168052673340e+00 3.053877651691436768e-01 2.252851486206054688e+00 7.629221677780151367e-01
-3.800505399703979492e+00 -1.072306513786315918e+00 1.544337391853332520e+00 3.086552917957305908e-01 2.256167888641357422e+00 7.636512517929077148e-01
-3.806549787521362305e+00 -1.076307177543640137e+00 1.547062277793884277e+00 3.119230568408966064e-01 2.259487628936767578e+00 7.643841505050659180e-01
-3.808879613876342773e+00 -1.077096343040466309e+00 1.548933386802673340e+00 3.141732513904571533e-01 2.259946346282958984e+00 7.629231214523315430e-01
-3.809247016906738281e+00 -1.076201081275939941e+00 1.550351142883300781e+00 3.158929646015167236e-01 2.258895874023437500e+00 7.603081464767456055e-01
-3.809611082077026367e+00 -1.075300574302673340e+00 1.551769852638244629e+00 3.176098167896270752e-01 2.257841110229492188e+00 7.576907873153686523e-01
-3.809833765029907227e+00 -1.074272513389587402e+00 1.553060412406921387e+00 3.192167580127716064e-01 2.256773471832275391e+00 7.550557851791381836e-01
-3.809759378433227539e+00 -1.072967886924743652e+00 1.554071664810180664e+00 3.205871880054473877e-01 2.255687713623046875e+00 7.523807287216186523e-01
-3.809685707092285156e+00 -1.071665883064270020e+00 1.555079817771911621e+00 3.219533264636993408e-01 2.254605770111083984e+00 7.497125864028930664e-01
-3.811986207962036133e+00 -1.072133898735046387e+00 1.556800723075866699e+00 3.243575394153594971e-01 2.255185604095458984e+00 7.477763891220092773e-01
-3.814810514450073242e+00 -1.072991251945495605e+00 1.558677315711975098e+00 3.269853889942169189e-01 2.256133079528808594e+00 7.460058927536010742e-01
-3.817534208297729492e+00 -1.074221730232238770e+00 1.560440421104431152e+00 3.298354446887969971e-01 2.257093906402587891e+00 7.443863153457641602e-01
-3.820591211318969727e+00 -1.075734972953796387e+00 1.562701940536499023e+00 3.330607712268829346e-01 2.257889270782470703e+00 7.426742315292358398e-01
-3.823650121688842773e+00 -1.077247023582458496e+00 1.564964175224304199e+00 3.362870514392852783e-01 2.258686065673828125e+00 7.409600019454956055e-01
-3.826705694198608398e+00 -1.078758120536804199e+00 1.567225098609924316e+00 3.395111858844757080e-01 2.259480476379394531e+00 7.392469644546508789e-01
-3.829766035079956055e+00 -1.080270648002624512e+00 1.569486737251281738e+00 3.427348434925079346e-01 2.260279178619384766e+00 7.375358343124389648e-01
-3.832587718963623047e+00 -1.081574559211730957e+00 1.571766138076782227e+00 3.461339771747589111e-01 2.260821580886840820e+00 7.354406118392944336e-01
-3.835368394851684570e+00 -1.082840800285339355e+00 1.574046015739440918e+00 3.495631515979766846e-01 2.261322498321533203e+00 7.332776784896850586e-01
-3.838330745697021484e+00 -1.084156394004821777e+00 1.576450228691101074e+00 3.530369102954864502e-01 2.261880397796630859e+00 7.311195135116577148e-01
-3.841349363327026367e+00 -1.085391640663146973e+00 1.578961968421936035e+00 3.565039932727813721e-01 2.262387275695800781e+00 7.288876771926879883e-01
-3.844158887863159180e+00 -1.086503148078918457e+00 1.581434845924377441e+00 3.599596321582794189e-01 2.262723922729492188e+00 7.265435457229614258e-01
-3.846563577651977539e+00 -1.087384104728698730e+00 1.583814144134521484e+00 3.633747398853302002e-01 2.262749433517456055e+00 7.240093946456909180e-01
-3.847972154617309570e+00 -1.088827490806579590e+00 1.584718227386474609e+00 3.664701282978057861e-01 2.263253927230834961e+00 7.223573923110961914e-01
